0.08333333333333333
0.25
0.38541666666666663
0.0
0.11309523809523808
0.03571428571428571
0.06666666666666667
0.05
0.19444444444444442
0.15625
0.02040816326530612
0.1
0.0
0.375
0.7
0.16666666666666666
0.125
0.041666666666666664
0.0
0.2762345679012345
0.0
0.0
0.1833333333333333
0.16666666666666666
0.13425925925925924
0.1111111111111111
0.1111111111111111
0.0
0.3055555555555556
0.0
0.0
0.05555555555555555
0.5888888888888889
0.0
0.0
0.0
0.0
0.016666666666666666
0.13999999999999999
0.01111111111111111
0.08333333333333333
0.1
0.43333333333333335
0.0
0.04857142857142857
0.1
0.3763095238095238
0.125
0.16666666666666666
0.16666666666666666
0.3472222222222222
0.5
0.1
0.022222222222222223
0.14861111111111108
0.09
0.0
0.013888888888888888
0.08333333333333333
0.26
0.09714285714285714
0.0
0.0
0.16666666666666666
0.2344444444444444
0.06666666666666667
0.4
0.0
0.0
0.0
0.0
0.24416666666666664
0.29888888888888887
0.0
0.0
0.047619047619047616
0.023809523809523808
0.34722222222222215
0.025
0.0
0.45
0.11666666666666665
0.0625
0.2375
0.0625
0.5833333333333333
0.0
0.7662698412698413
0.027777777777777776
0.075
0.18888888888888888
0.20396825396825397
0.1111111111111111
0.17619047619047618
0.0
0.05833333333333333
0.09
0.0
0.1125
0.05555555555555555
0.5166666666666667
0.10555555555555556
0.0
0.09
0.419047619047619
0.4533333333333333
0.2361111111111111
0.3816326530612245
0.0
0.125
0.015873015873015872
0.05
0.025
0.025
0.125
0.0
0.0
0.08333333333333333
0.125
0.14166666666666666
0.3880952380952381
0.011111111111111112
0.08333333333333333
0.0
0.1
0.14583333333333331
0.1
0.0
0.0
0.26666666666666666
0.020833333333333332
0.17063492063492064
0.3
0.16666666666666666
0.2635416666666667
0.3333333333333333
0.125
0.0
0.0
0.08333333333333333
0.07037037037037037
0.3333333333333333
0.625
0.1638888888888889
0.2261904761904762
0.5
0.15
0.16666666666666666
0.18333333333333332
0.5833333333333333
0.0
0.03333333333333333
0.18027210884353742
0.5
0.16666666666666666
0.13999999999999999
0.039285714285714285
0.3125
0.0125
0.1
0.37777777777777777
0.18749999999999997
0.03333333333333333
0.09375
0.6666666666666666
0.0
1.0
0.0
0.125
0.3888888888888889
0.38888888888888884
0.9166666666666666
1.0
0.05
0.0
0.146031746031746
0.6142857142857142
0.25
0.41666666666666663
0.45
0.0
0.5
0.19714285714285712
0.19999999999999998
0.3888888888888889
0.025
0.075
0.2861111111111111
0.0
0.3333333333333333
0.03428571428571429
0.41666666666666663
0.6322751322751322
0.041666666666666664
0.0
0.05
0.3333333333333333
0.2714285714285714
0.0625
0.0
0.3319444444444445
0.06999999999999999
0.06190476190476191
0.0
0.0
0.0
0.02222222222222222
0.23888888888888885
0.01111111111111111
0.29444444444444445
0.0365079365079365
0.35
0.3944444444444445
0.0625
0.0
0.0
0.075
0.02
0.0
0.07523809523809524
0.11666666666666665
0.35
0.1875
0.03125
0.0
